-0.623322 0.628232 1.37089 -0.00961064 0.99614 0.07962 0.0356948 
-0.622488 0.62927 1.36895 -0.0112111 0.995694 0.0861496 0.0323526 
-0.622957 0.630666 1.36795 -0.0116761 0.995833 0.0841565 0.0331501 
-0.624369 0.632254 1.36729 -0.00965703 0.996381 0.0791332 0.029482 
-0.624553 0.633566 1.36458 -0.0105228 0.996247 0.0814713 0.0272615 
-0.624503 0.636682 1.36066 -0.0144817 0.996074 0.0809648 0.0327427 
-0.620461 0.642316 1.35368 -0.0148452 0.996212 0.0810109 0.0279075 
-0.604647 0.650417 1.33789 -0.0163671 0.996158 0.0821456 0.0255664 
-0.581015 0.659482 1.32183 -0.0179494 0.996254 0.0823801 0.0192207 
-0.550265 0.665951 1.31434 -0.0151766 0.996077 0.0858785 0.0149747 
-0.518181 0.669197 1.31094 -0.00759965 0.995904 0.0887196 0.0157258 
-0.490461 0.672622 1.31165 -0.0059578 0.995786 0.0903404 0.0146411 
-0.45719 0.675004 1.31229 -0.000578893 0.995431 0.094977 0.00981424 
-0.419684 0.676816 1.30975 0.00407013 0.994622 0.103235 0.00734554 
-0.38455 0.680458 1.3087 0.0116912 0.994834 0.100756 0.00411016 
-0.355263 0.685064 1.30757 0.0151144 0.995068 0.0980218 0.0014996 
-0.324418 0.690078 1.30745 0.0205012 0.994933 0.0984188 -0.0012134 
-0.29312 0.695583 1.30446 0.0215743 0.995124 0.096243 0.000649024 
-0.2557 0.694724 1.3049 0.0312493 0.994544 0.0995204 -0.0013357 
-0.222774 0.690955 1.30653 0.0380074 0.994378 0.0984477 0.00867014 
-0.192903 0.688319 1.30983 0.045667 0.993392 0.105293 0.000998717 
-0.173925 0.686973 1.3078 0.0503576 0.99298 0.107018 -0.00160935 
-0.153672 0.684097 1.30526 0.0535618 0.992716 0.107869 -0.00319005 
-0.132393 0.669396 1.30001 0.061649 0.992171 0.108377 -0.00710393 
-0.114293 0.641126 1.29384 0.0750378 0.99088 0.111621 -0.00819574 
-0.106014 0.606769 1.28958 0.0839053 0.988922 0.121894 -0.0116452 
-0.0976425 0.56627 1.28529 0.0962292 0.988315 0.117626 -0.01174 
-0.0885758 0.519398 1.27201 0.114197 0.985596 0.123213 -0.0194682 
-0.0808718 0.47133 1.2549 0.128514 0.983357 0.126288 -0.0233184 
-0.076194 0.417905 1.24133 0.142733 0.980646 0.131313 -0.0267923 
-0.0722309 0.364281 1.23095 0.159388 0.976974 0.137935 -0.0330335 
-0.069848 0.312172 1.21989 0.178497 0.973277 0.14006 -0.0354045 
-0.0683631 0.270162 1.20863 0.188186 0.971347 0.14135 -0.03304 
-0.0650305 0.230753 1.19796 0.202076 0.969199 0.133684 -0.0441345 
-0.0626976 0.18216 1.18908 0.215735 0.965526 0.138937 -0.043751 
-0.0572653 0.128895 1.17208 0.238162 0.960726 0.135577 -0.0436295 
-0.0476838 0.0856725 1.14902 0.259611 0.955964 0.129166 -0.0452876 
-0.0410036 0.0408409 1.13311 0.271851 0.951199 0.135239 -0.0550181 
-0.0342518 -0.0189973 1.12155 0.293669 0.94327 0.144926 -0.0547406 
-0.0326649 -0.0761186 1.10225 0.315639 0.935366 0.150493 -0.0530376 
-0.0371578 -0.130359 1.08694 0.331355 0.929734 0.147238 -0.0641861 
-0.0382457 -0.178232 1.07699 0.351642 0.921533 0.150578 -0.0667208 
-0.0405233 -0.225741 1.07279 0.371113 0.914735 0.148098 -0.0600162 
-0.0538097 -0.253559 1.06757 0.378915 0.910801 0.151592 -0.0623236 
-0.0774888 -0.274306 1.06558 0.380594 0.909155 0.155114 -0.0672713 
-0.109382 -0.286178 1.06165 0.382908 0.906709 0.165092 -0.0632828 
-0.145612 -0.292813 1.06041 0.378939 0.909398 0.15587 -0.071445 
-0.177584 -0.30196 1.06036 0.381256 0.908165 0.159357 -0.0669779 
-0.208525 -0.307911 1.06295 0.382218 0.907339 0.162352 -0.0654733 
-0.242804 -0.312331 1.06802 0.379373 0.909631 0.158778 -0.0586269 
-0.276843 -0.313149 1.06905 0.372451 0.913177 0.153628 -0.0615322 
-0.311846 -0.311041 1.07457 0.36662 0.915519 0.156122 -0.0551474 
-0.341342 -0.306372 1.07886 0.358129 0.91888 0.155033 -0.0580315 
-0.372862 -0.299252 1.08062 0.350445 0.92171 0.15625 -0.0567813 
-0.411052 -0.286714 1.0815 0.342021 0.925108 0.155473 -0.0549959 
-0.455054 -0.267123 1.07875 0.332006 0.929238 0.151166 -0.0586363 
-0.503212 -0.236854 1.08204 0.319567 0.934135 0.147295 -0.0597668 
-0.557658 -0.197394 1.08688 0.302301 0.940492 0.142644 -0.0611632 
-0.606834 -0.159752 1.10165 0.29242 0.944409 0.140319 -0.0537911 
-0.651991 -0.121083 1.11338 0.279841 0.948649 0.138698 -0.0501642 
-0.687958 -0.0820339 1.11899 0.26735 0.952309 0.139024 -0.0480086 
-0.718659 -0.0412138 1.12442 0.252533 0.95783 0.129815 -0.0440111 
-0.745848 -0.00132975 1.13428 0.238812 0.961421 0.131257 -0.0375597 
-0.756772 0.0339858 1.15342 0.226563 0.964435 0.132364 -0.0318552 
-0.775497 0.0782946 1.171 0.204864 0.970416 0.125159 -0.0256523 
-0.789632 0.120959 1.17507 0.181533 0.975532 0.122418 -0.0199343 
-0.799615 0.162785 1.19239 0.161956 0.979637 0.118184 -0.0106624 
-0.804738 0.213394 1.21293 0.135233 0.984142 0.114725 -0.00383911 
-0.800867 0.263734 1.22909 0.0987537 0.988763 0.112225 9.7247e-05 
-0.787692 0.308626 1.23914 0.0541884 0.992211 0.112148 0.00202869 
-0.772961 0.347777 1.25228 0.0213037 0.993841 0.108339 0.00946264 
-0.764261 0.385866 1.2601 -0.0128353 0.993836 0.109307 0.0133232 
-0.757928 0.421587 1.26708 -0.0431306 0.992478 0.112645 0.0209465 
-0.759237 0.460118 1.27263 -0.0708155 0.991619 0.106235 0.0197711 
-0.759366 0.494838 1.27663 -0.0949943 0.989739 0.10389 0.0244733 
-0.754084 0.528294 1.27864 -0.11805 0.987249 0.10185 0.0320887 
-0.748769 0.5578 1.28062 -0.142034 0.984194 0.0991412 0.0368858 
-0.736843 0.587494 1.28042 -0.155128 0.982289 0.0998371 0.0328017 
-0.719997 0.61929 1.28193 -0.164589 0.980657 0.100981 0.0320242 
-0.694014 0.65606 1.27923 -0.164031 0.981748 0.0928655 0.0253115 
-0.662495 0.69119 1.27862 -0.158971 0.983146 0.0869613 0.0242895 
-0.622752 0.709916 1.28033 -0.14798 0.984285 0.09259 0.0266795 
-0.565268 0.709121 1.27613 -0.121372 0.987421 0.0993297 0.02006 
-0.512118 0.684663 1.27194 -0.0933851 0.990226 0.102642 0.0140332 
-0.47515 0.6491 1.2645 -0.0707574 0.991966 0.104213 0.0117267 
-0.459514 0.600848 1.25387 -0.0491757 0.993611 0.101301 0.00753872 
-0.454755 0.541836 1.24155 -0.0294016 0.99415 0.103629 0.00786456 
-0.457001 0.475933 1.23282 -0.00880079 0.994861 0.100708 0.00565043 
-0.460452 0.410925 1.22589 0.0174987 0.994483 0.103422 0.00123513 
-0.464903 0.351425 1.21734 0.0407003 0.994047 0.101063 0.000641862 
-0.469636 0.286734 1.20913 0.0662972 0.992168 0.105867 0.000623972 
-0.477704 0.230976 1.19448 0.0897457 0.990245 0.106285 -0.0079732 
-0.486068 0.172302 1.18171 0.116598 0.986901 0.111213 -0.00796389 
-0.494766 0.120261 1.17945 0.142495 0.983232 0.11344 -0.00896858 
-0.502724 0.0730431 1.17151 0.166312 0.980212 0.106627 -0.0125003 
-0.512125 0.0257113 1.1584 0.190908 0.976074 0.102922 -0.0155361 
-0.519368 -0.0256809 1.14494 0.218187 0.969207 0.112472 -0.0195611 
-0.523727 -0.0816751 1.13064 0.248282 0.962012 0.111238 -0.0227027 
-0.52657 -0.132812 1.11664 0.276881 0.953737 0.112866 -0.0313532 
-0.531245 -0.17759 1.10413 0.303173 0.945486 0.113415 -0.0357644 
-0.529253 -0.223821 1.08857 0.329226 0.935904 0.117329 -0.0439115 
-0.506356 -0.274138 1.0787 0.362869 0.924204 0.109101 -0.0476391 
-0.459457 -0.322049 1.08195 0.391513 0.911567 0.113965 -0.052687 
-0.402944 -0.348362 1.07672 0.41018 0.904298 0.105356 -0.0538355 
-0.350029 -0.352163 1.07872 0.422906 0.899819 0.0953607 -0.0488104 
-0.297252 -0.351048 1.07633 0.429761 0.896721 0.0938006 -0.0489725 
-0.246325 -0.346644 1.07684 0.430807 0.89626 0.0903508 -0.0544002 
-0.203973 -0.336784 1.08394 0.432173 0.895028 0.100381 -0.0455571 
-0.177527 -0.318367 1.0839 0.426727 0.898157 0.0940459 -0.0487208 
-0.160459 -0.284806 1.08909 0.409483 0.90528 0.103284 -0.0460912 
-0.144224 -0.25393 1.09061 0.397916 0.909446 0.111466 -0.0463246 
-0.139324 -0.20831 1.09976 0.379798 0.917703 0.109041 -0.0410428 
-0.139698 -0.155212 1.11367 0.356741 0.926718 0.11159 -0.0384375 
-0.143331 -0.100222 1.12725 0.331591 0.935803 0.114207 -0.0357252 
-0.144972 -0.0447278 1.1336 0.307459 0.944133 0.113262 -0.0354152 
-0.149582 0.00916532 1.14617 0.285629 0.951205 0.110974 -0.0361875 
-0.150919 0.06635 1.14932 0.263747 0.958629 0.100479 -0.0370279 
-0.150683 0.114202 1.16818 0.248106 0.963377 0.095756 -0.0343425 
-0.154546 0.170784 1.18354 0.22728 0.969282 0.0917493 -0.0204581 
-0.160586 0.223864 1.19981 0.204703 0.974765 0.08709 -0.0185818 
-0.164786 0.27179 1.21845 0.189417 0.978236 0.0837098 -0.0129896 
-0.172224 0.325153 1.22782 0.168771 0.98195 0.0846339 -0.0113024 
-0.178355 0.381314 1.23365 0.152583 0.985513 0.0736994 -0.00711188 
-0.18269 0.43436 1.2382 0.133908 0.988611 0.0677351 -0.0113226 
-0.184656 0.492036 1.24483 0.121397 0.990439 0.065074 -0.00769905 
-0.18337 0.554351 1.26249 0.107543 0.991944 0.0669427 -0.000535378 
-0.190457 0.619409 1.28004 0.0891472 0.994025 0.0622641 0.00947618 
-0.197272 0.688351 1.29398 0.0709019 0.995352 0.0640475 0.0120929 
-0.200981 0.755915 1.30264 0.0483837 0.996972 0.0578629 0.0188969 
-0.189142 0.815626 1.30972 0.0376382 0.997164 0.0638932 0.0128162 
-0.163793 0.855852 1.31611 0.0308276 0.996689 0.0741316 0.012831 
-0.124838 0.869845 1.31871 0.037101 0.995664 0.0836821 0.0165426 
-0.079376 0.864164 1.31284 0.0506348 0.995463 0.0793418 0.0139341 
-0.0511331 0.847605 1.30391 0.0635786 0.994512 0.0824791 0.0100271 
-0.027157 0.818055 1.30137 0.0763813 0.993223 0.086387 0.014536 
-0.0083052 0.780545 1.29328 0.0877037 0.991857 0.0915482 0.0121222 
0.00578938 0.734106 1.29079 0.103232 0.990944 0.08543 0.00870471 
0.0192311 0.676224 1.28632 0.118935 0.988372 0.0945197 0.00647443 
0.0341395 0.604321 1.27717 0.13864 0.985337 0.0994431 0.000776784 
0.0402891 0.527948 1.27232 0.158059 0.980822 0.113995 0.00325828 
0.0476116 0.455456 1.26682 0.177284 0.977861 0.111014 -0.00590471 
0.0524391 0.389081 1.25495 0.195195 0.973443 0.119455 -0.00608707 
0.054101 0.329472 1.23828 0.211348 0.970346 0.117161 -0.00585994 
0.0527154 0.272235 1.22342 0.224908 0.968001 0.110538 -0.0131256 
0.0521448 0.218342 1.21262 0.244815 0.961539 0.122917 -0.0200056 
0.0534893 0.167372 1.19673 0.259782 0.9585 0.11617 -0.0172255 
0.0558106 0.113935 1.1796 0.275182 0.952405 0.129153 -0.022786 
0.0530907 0.0593257 1.16236 0.287464 0.947903 0.13396 -0.0299998 
0.0443291 -0.00947313 1.14151 0.304437 0.939623 0.151032 -0.0402137 
0.0319446 -0.0920051 1.11247 0.33183 0.929254 0.156058 -0.0449631 
0.00552481 -0.142941 1.09393 0.346116 0.922868 0.160079 -0.0537918 
-0.0457304 -0.167734 1.09248 0.340734 0.925116 0.158223 -0.0550175 
-0.107133 -0.17575 1.08949 0.337877 0.927861 0.149158 -0.0516145 
-0.164737 -0.169064 1.08453 0.332229 0.930014 0.14977 -0.0476165 
-0.221829 -0.159618 1.08965 0.324559 0.932234 0.150634 -0.0539538 
-0.269359 -0.151963 1.09063 0.322642 0.9346 0.142606 -0.0456943 
-0.324014 -0.139897 1.08721 0.314683 0.938421 0.134029 -0.0487607 
-0.396057 -0.126807 1.09112 0.303992 0.942934 0.126877 -0.0486518 
-0.473163 -0.120312 1.09947 0.299389 0.9457 0.121756 -0.0345556 
-0.537123 -0.113464 1.10405 0.296593 0.947808 0.111458 -0.0356484 
-0.592757 -0.0975999 1.10248 0.288173 0.95095 0.107736 -0.0322961 
-0.650605 -0.0741983 1.10094 0.277073 0.955562 0.0931117 -0.0382314 
-0.704267 -0.0624871 1.11248 0.271555 0.958475 0.080968 -0.0320581 
-0.750853 -0.0558294 1.14296 0.270319 0.960067 0.0681491 -0.0235746 
-0.800251 -0.0356894 1.18627 0.264648 0.96176 0.0698078 -0.0103099 
-0.841016 -0.00489237 1.20562 0.246028 0.966987 0.0649209 -0.0138465 
-0.869452 0.0186094 1.22501 0.232257 0.971246 0.0517975 -0.00736619 
-0.908252 0.0377276 1.25572 0.219326 0.97426 0.0520792 -0.000756481 
-0.944927 0.0538554 1.28585 0.211288 0.975686 0.0578488 0.00687739 
-0.97283 0.110963 1.30771 0.179306 0.981889 0.0606999 0.0076711 
-0.978532 0.187278 1.327 0.136523 0.988708 0.0593833 0.0170676 
-0.989377 0.259616 1.33775 0.0953551 0.993539 0.0535968 0.0302393 
-0.994268 0.323193 1.35119 0.0669066 0.995412 0.0513071 0.0452323 
-0.979371 0.374416 1.36073 0.0435827 0.99648 0.0558653 0.0448115 
-0.949031 0.417285 1.37239 0.0354759 0.996539 0.0596333 0.0457793 
-0.906136 0.456271 1.36843 0.0275128 0.996422 0.0643461 0.0473859 
-0.85208 0.491198 1.35341 0.0272056 0.996393 0.0740923 0.031151 
-0.791645 0.520696 1.32687 0.0292574 0.996014 0.0818816 0.0198922 
-0.730415 0.546449 1.28261 0.0372287 0.995497 0.0850296 0.0192423 
-0.677609 0.568173 1.23657 0.0382055 0.995125 0.0906831 0.00661011 
-0.63476 0.586107 1.19531 0.0418799 0.995411 0.0860115 0.00220285 
-0.58883 0.597898 1.15958 0.0476521 0.995627 0.0803285 0.00163941 
-0.529223 0.598834 1.13868 0.0634177 0.99398 0.0893269 0.00172213 
-0.459844 0.591794 1.12685 0.0797246 0.992171 0.0960919 -0.00282951 
-0.398362 0.58583 1.11162 0.0950932 0.990469 0.0994366 -0.00631427 
-0.334682 0.57728 1.10048 0.111915 0.988497 0.101174 -0.0105884 
-0.27136 0.571813 1.09682 0.122246 0.987894 0.0945997 -0.0131235 
-0.207888 0.56792 1.09113 0.133705 0.985725 0.101308 -0.0143127 
-0.150111 0.555654 1.08261 0.143838 0.984783 0.095894 -0.0178076 
-0.101084 0.53306 1.07271 0.158084 0.982264 0.0991308 -0.0184352 
-0.0543404 0.503206 1.05957 0.176574 0.978934 0.101031 -0.01742 
-0.0148637 0.465264 1.04048 0.193202 0.975156 0.10627 -0.0212147 
0.0133968 0.424133 1.01709 0.209454 0.971262 0.109508 -0.0280664 
0.0370965 0.377406 0.991913 0.22869 0.966616 0.110997 -0.0321592 
0.0543637 0.324434 0.972695 0.247553 0.961907 0.110497 -0.0352473 
0.0666153 0.269559 0.961177 0.266061 0.956582 0.112613 -0.0384731 
0.0801592 0.210745 0.946712 0.28844 0.948622 0.123431 -0.0410336 
0.0934981 0.141499 0.927532 0.312767 0.941073 0.121618 -0.0420342 
0.102673 0.0661229 0.911456 0.338587 0.931151 0.127064 -0.0466042 
0.104574 -0.0109608 0.89551 0.369786 0.919442 0.127126 -0.0415146 
0.0978749 -0.0779829 0.881484 0.390583 0.909841 0.131644 -0.0480022 
0.0856478 -0.127024 0.871515 0.405574 0.902347 0.137922 -0.047502 
0.0676174 -0.162125 0.870652 0.41056 0.899566 0.1395 -0.0525547 
0.0454462 -0.191836 0.881278 0.412918 0.898191 0.139955 -0.0562572 
0.0190151 -0.224316 0.904696 0.415193 0.897018 0.141648 -0.0539425 
-0.010602 -0.259476 0.936515 0.417755 0.895894 0.14261 -0.0501739 
-0.0381725 -0.290878 0.971765 0.422868 0.894038 0.14054 -0.0461281 
-0.0626775 -0.318628 1.01047 0.425772 0.894765 0.129424 -0.0369072 
-0.0854662 -0.339435 1.05487 0.430937 0.893372 0.124586 -0.0256331 
-0.106399 -0.34607 1.1112 0.428775 0.893873 0.127984 -0.0276264 
-0.121055 -0.3279 1.15491 0.420034 0.897332 0.132599 -0.0279973 
-0.12585 -0.287333 1.18839 0.404772 0.903959 0.135621 -0.0249931 
-0.117195 -0.223718 1.21486 0.385207 0.91331 0.13101 -0.0177808 
-0.100957 -0.149081 1.22834 0.360848 0.923549 0.129011 -0.0142203 
-0.0892398 -0.082674 1.23347 0.34005 0.932626 0.119579 -0.0166193 
-0.0718018 -0.0177558 1.23949 0.320668 0.940251 0.113355 -0.0158075 
-0.0543898 0.0441457 1.24649 0.302577 0.945869 0.116744 -0.0122599 
-0.0366384 0.107091 1.25145 0.288072 0.951652 0.106502 -0.00545413 
-0.0189211 0.177565 1.25662 0.27043 0.956538 0.109099 -0.000235929 
-0.010237 0.260047 1.26229 0.247541 0.963238 0.104322 0.00359213 
-0.011901 0.343717 1.2721 0.220058 0.968748 0.114442 -0.0023032 
-0.0175849 0.422928 1.28432 0.195365 0.973767 0.116565 0.00470462 
-0.0255914 0.489073 1.29043 0.176565 0.978574 0.105629 0.0078119 
-0.0440666 0.540879 1.30247 0.157556 0.982333 0.100394 0.0108722 
-0.0731035 0.578691 1.31162 0.139263 0.98548 0.095534 0.0175829 
-0.10962 0.604347 1.3179 0.125775 0.987833 0.0904122 0.013836 
-0.164074 0.628219 1.3169 0.0995424 0.991248 0.0856143 0.013776 
-0.21944 0.63667 1.30654 0.082594 0.993329 0.0787504 0.0165497 
-0.275171 0.62813 1.29719 0.0788623 0.992275 0.0936482 0.0200247 
-0.334092 0.600642 1.2813 0.0832198 0.992403 0.0882851 0.0203875 
-0.395915 0.552635 1.26438 0.0920889 0.992093 0.0794478 0.0309832 
-0.461897 0.502162 1.24619 0.103225 0.991497 0.0743884 0.0273035 
-0.525329 0.45688 1.22228 0.117883 0.990018 0.0713504 0.0296097 
-0.59759 0.408847 1.21012 0.134915 0.987627 0.0740157 0.0302074 
-0.681305 0.369832 1.1925 0.139181 0.986893 0.0757477 0.0305547 
-0.758996 0.334879 1.18647 0.134083 0.98717 0.0755348 0.0425649 
-0.790622 0.278512 1.19021 0.150325 0.984131 0.0799566 0.0499516 
-0.775693 0.224664 1.17938 0.180583 0.979856 0.07643 0.0378216 
-0.719179 0.215867 1.16712 0.180281 0.980067 0.0815886 0.0176029 
-0.634231 0.22269 1.16237 0.177717 0.980395 0.0849015 0.00577876 
-0.550197 0.229443 1.16364 0.177777 0.979612 0.0933017 -0.00713801 
-0.477781 0.236648 1.15896 0.17918 0.979753 0.0865032 -0.0222573 
-0.3962 0.239022 1.15426 0.180415 0.978211 0.09724 -0.0331393 
-0.304503 0.243067 1.15307 0.188214 0.976133 0.0964216 -0.049425 
-0.217046 0.248467 1.15724 0.199475 0.973554 0.106235 -0.0334227 
-0.137575 0.248741 1.15912 0.213328 0.971377 0.097141 -0.0384792 
-0.0629846 0.239006 1.15499 0.233041 0.965283 0.110785 -0.0405772 
0.00136416 0.22222 1.15071 0.249058 0.958495 0.131211 -0.0451739 
0.0507334 0.191997 1.14719 0.268129 0.953513 0.131573 -0.0400947 
0.077761 0.149976 1.13957 0.285864 0.947315 0.139797 -0.0365037 
0.07636 0.0972273 1.12308 0.296917 0.944399 0.135311 -0.0405102 
0.0471356 0.0510943 1.10102 0.307421 0.940912 0.135489 -0.0426694 
-0.0266458 0.0302805 1.08819 0.30251 0.942351 0.13652 -0.0427189 
-0.116578 0.0274858 1.07527 0.29278 0.946026 0.132386 -0.042282 
-0.210319 0.0276361 1.07936 0.281157 0.950535 0.124312 -0.0445107 
-0.300551 0.0252972 1.10369 0.275594 0.95242 0.1258 -0.0334508 
-0.388191 0.0226057 1.13296 0.25802 0.957012 0.130758 -0.0213336 
-0.47681 0.0260256 1.16675 0.239445 0.963874 0.116478 -0.00676124 
-0.55744 0.0198972 1.18753 0.222517 0.971464 0.0809676 0.0137038 
-0.627437 -0.00467071 1.21339 0.232366 0.971535 0.0264537 0.0377525 
-0.678711 -0.0358125 1.21561 0.243555 0.968549 -0.0340588 0.037869 
-0.715575 -0.0689979 1.20611 0.25963 0.961818 -0.0776261 0.0383802 
-0.747123 -0.104241 1.19987 0.277696 0.955712 -0.0918083 0.032734 
-0.759885 -0.14952 1.20253 0.300352 0.952913 -0.0356051 0.021843 
-0.753158 -0.193885 1.19941 0.319378 0.946765 0.0398629 0.00675373 
-0.738529 -0.237116 1.19243 0.335175 0.935488 0.111663 -0.00719338 
-0.709821 -0.279208 1.17583 0.352624 0.916966 0.182673 -0.0382215 
-0.672994 -0.310386 1.15502 0.368726 0.89729 0.233723 -0.0654597 
-0.622771 -0.338044 1.13772 0.382157 0.881312 0.263114 -0.0895338 
-0.56553 -0.350326 1.11819 0.391481 0.870831 0.276836 -0.108438 
-0.499431 -0.359138 1.1099 0.407481 0.863362 0.270429 -0.124232 
-0.433926 -0.350828 1.10133 0.412783 0.868513 0.24516 -0.123254 
-0.377765 -0.331263 1.08939 0.417255 0.875124 0.214726 -0.118107 
-0.32767 -0.313734 1.07197 0.420446 0.878967 0.188923 -0.122268 
-0.285488 -0.299437 1.05337 0.422132 0.882861 0.164862 -0.123216 
-0.243705 -0.292609 1.03606 0.429863 0.883832 0.142959 -0.116711 
-0.202126 -0.285837 1.01714 0.436664 0.886056 0.110382 -0.10975 
-0.164639 -0.273812 1.01013 0.438745 0.887778 0.0869947 -0.108563 
-0.131944 -0.250648 1.00417 0.434949 0.892219 0.070413 -0.0990261 
-0.0967746 -0.220983 1.0025 0.427628 0.897667 0.0583345 -0.0890241 
-0.0636768 -0.178349 1.00473 0.414564 0.905056 0.0439353 -0.0841412 
-0.0484387 -0.117178 1.00918 0.385322 0.919221 0.0273408 -0.0762313 
-0.0498854 -0.03503 1.02231 0.349377 0.93424 0.0264456 -0.0665731 
-0.0529274 0.0453651 1.02628 0.308176 0.94758 0.0364071 -0.0761235 
-0.0534845 0.106119 1.03423 0.271424 0.953872 0.0681229 -0.108705 
-0.0569437 0.158303 1.0499 0.221592 0.964845 0.0787204 -0.117363 
-0.0593885 0.20751 1.0781 0.16083 0.976409 0.0968431 -0.106678 
-0.0628772 0.257778 1.10179 0.110736 0.983496 0.101477 -0.100871 
-0.0692344 0.310669 1.11845 0.0600641 0.987959 0.108376 -0.0926537 
-0.0745053 0.360637 1.13012 0.009378 0.990691 0.110492 -0.078961 
-0.0791785 0.40824 1.14219 -0.0367009 0.990591 0.110389 -0.0720932 
-0.0916672 0.456795 1.15933 -0.0834341 0.988448 0.111478 -0.0598427 
-0.111114 0.499263 1.17495 -0.115774 0.985917 0.110059 -0.0495115 
-0.148219 0.532807 1.19643 -0.155286 0.981353 0.104278 -0.0442628 
-0.191977 0.55463 1.21409 -0.186086 0.97613 0.105805 -0.0367167 
-0.235338 0.564406 1.23272 -0.207471 0.972336 0.103355 -0.0289074 
-0.282353 0.563298 1.26111 -0.220099 0.970372 0.0992102 -0.00961968 
-0.32453 0.557191 1.29015 -0.203987 0.974175 0.096681 0.00504172 
-0.370585 0.548966 1.30958 -0.195761 0.97628 0.0904931 0.0191071 
-0.433495 0.540487 1.33032 -0.201375 0.9754 0.0860094 0.0253857 
-0.508896 0.533734 1.35108 -0.204732 0.974292 0.0870114 0.0356208 
-0.58601 0.525094 1.35393 -0.194729 0.977188 0.0765765 0.0363475 
-0.655218 0.50762 1.344 -0.180998 0.979443 0.0770956 0.0445751 
-0.70974 0.472856 1.3274 -0.161213 0.98248 0.0749146 0.0559634 
-0.753535 0.430365 1.30719 -0.137691 0.986505 0.0656225 0.0595221 
-0.76261 0.337586 1.27678 -0.0895358 0.991682 0.0739874 0.0554665 
-0.710986 0.250716 1.2359 -0.0204944 0.996048 0.0836703 0.0216094 
-0.655535 0.204072 1.20626 0.0225933 0.99668 0.0782019 -0.00181583 
-0.579672 0.134245 1.18445 0.080404 0.992381 0.0894275 -0.0267983 
-0.503223 0.0683988 1.1561 0.130922 0.985787 0.0965504 -0.0419615 
-0.432389 0.0192142 1.12031 0.170505 0.978974 0.0957462 -0.0580561 
-0.36092 -0.0266153 1.08593 0.204057 0.971984 0.0927458 -0.0707566 
-0.29606 -0.0593104 1.05901 0.23345 0.965265 0.086221 -0.0795692 
-0.241315 -0.076571 1.02819 0.266992 0.957869 0.0819732 -0.0669502 
-0.201263 -0.0743906 0.995824 0.287905 0.951785 0.0874606 -0.0597187 
-0.163846 -0.0636667 0.97113 0.297679 0.948469 0.0874129 -0.064434 
-0.11843 -0.0536295 0.952958 0.311145 0.944854 0.0813034 -0.0618876 
-0.0794874 -0.0306068 0.933883 0.316364 0.943241 0.0795099 -0.0623633 
-0.0376823 -0.000806683 0.9133 0.321635 0.941111 0.0821856 -0.0640772 
0.00185619 0.0321503 0.895192 0.325998 0.93922 0.0841824 -0.0671226 
0.0378959 0.0722776 0.893416 0.32274 0.939541 0.0938314 -0.0655469 
0.0802167 0.103579 0.900949 0.318249 0.941328 0.0951385 -0.0597384 
0.128204 0.13103 0.908774 0.319771 0.940729 0.102189 -0.048308 
0.143765 0.175719 0.913938 0.309182 0.943711 0.106928 -0.0488112 
0.118149 0.234042 0.920871 0.278834 0.953432 0.102297 -0.0524888 
0.071029 0.287346 0.9297 0.241093 0.965216 0.0880779 -0.0497455 
0.00708011 0.333114 0.944519 0.211678 0.971492 0.0913926 -0.0551592 
-0.0688488 0.367907 0.961598 0.192362 0.975249 0.0958832 -0.0518944 
-0.16041 0.40453 0.974649 0.166045 0.980356 0.096334 -0.0452872 
-0.253908 0.436721 0.98837 0.139153 0.984833 0.0960223 -0.0389828 
-0.337812 0.457202 1.00349 0.121889 0.987799 0.0925052 -0.0289587 
-0.414795 0.474808 1.01671 0.10589 0.989978 0.0912685 -0.0200321 
-0.491486 0.508641 1.03213 0.0834608 0.992366 0.0907805 -0.00195836 
-0.53054 0.560671 1.03861 0.0536555 0.994831 0.0862055 0.000235863 
-0.508626 0.610908 1.03624 0.0443436 0.99642 0.0719659 -0.00119316 
-0.445533 0.639958 1.04104 0.057434 0.995277 0.0778674 -0.00791054 
-0.352433 0.649737 1.03271 0.0886871 0.99241 0.0818795 -0.0235233 
-0.245288 0.646031 1.02306 0.129513 0.987598 0.0842734 -0.0278136 
-0.147886 0.63176 1.01361 0.170776 0.981068 0.0852012 -0.0328899 
-0.054911 0.618842 1.01201 0.20484 0.973515 0.097113 -0.0296427 
0.0300422 0.630692 1.01372 0.222221 0.96993 0.0960973 -0.0248576 
0.0806637 0.667789 1.0229 0.227173 0.968316 0.102019 -0.0186621 
0.0936927 0.724116 1.03216 0.206907 0.97371 0.0929493 -0.0209459 
0.0795287 0.773808 1.0424 0.180186 0.979297 0.0898725 -0.020797 
0.0304218 0.81051 1.0513 0.150203 0.984746 0.0843783 -0.0243919 
-0.0660113 0.846983 1.04467 0.108259 0.990046 0.0835561 -0.0332865 
-0.18688 0.862134 1.03455 0.0708314 0.99391 0.070856 -0.0458812 
-0.324519 0.850922 1.02942 0.0342978 0.996726 0.0584675 -0.0440743 
-0.437176 0.811155 1.01856 0.0150627 0.99736 0.0554175 -0.0444453 
-0.512121 0.728681 1.01629 0.0245529 0.997093 0.0637097 -0.0338139 
-0.555884 0.629151 1.02691 0.0500916 0.995167 0.0819534 -0.020412 
-0.578465 0.532867 1.0378 0.0823557 0.992265 0.0924455 -0.0090721 
-0.582582 0.442605 1.04244 0.119718 0.988058 0.096983 0.00194705 
-0.575277 0.366752 1.03598 0.162125 0.982077 0.0961239 -0.000854887 
-0.564326 0.294528 1.02762 0.201783 0.973714 0.105644 -0.00211031 
-0.548995 0.229739 1.01899 0.243314 0.964583 0.101633 -0.00691353 
-0.533713 0.171123 1.00965 0.282856 0.953812 0.100836 -0.00819319 
-0.503479 0.107084 0.996032 0.325216 0.940775 0.0941278 -0.0177764 
-0.463495 0.0471298 0.987036 0.365526 0.925815 0.0930802 -0.0243618 
-0.417364 0.00369194 0.9674 0.394743 0.91362 0.089904 -0.037337 
-0.368312 -0.027674 0.948908 0.419184 0.902738 0.0858538 -0.0444885 
-0.31304 -0.0584365 0.922084 0.442516 0.892031 0.0760474 -0.0517348 
-0.257087 -0.0814881 0.893622 0.460524 0.883017 0.069523 -0.058012 
-0.202045 -0.0885867 0.869071 0.470918 0.876455 0.0730182 -0.0687883 
-0.128254 -0.1134 0.846721 0.494871 0.862853 0.0749903 -0.070458 
-0.049434 -0.141101 0.825489 0.521725 0.847076 0.0747299 -0.0684112 
0.0253367 -0.159289 0.812389 0.542594 0.832719 0.0859651 -0.0691374 
0.0933501 -0.146979 0.814892 0.547248 0.830292 0.0904686 -0.0543133 
0.137202 -0.0908467 0.823101 0.533948 0.839623 0.0842487 -0.0532401 
0.171524 -0.0239235 0.837913 0.521993 0.847748 0.0817515 -0.0465163 
0.18749 0.0453792 0.860493 0.501516 0.860732 0.0772336 -0.0407102 
0.194126 0.105643 0.876212 0.483519 0.870909 0.0789553 -0.0386337 
0.19366 0.165348 0.887184 0.463346 0.88147 0.0809296 -0.042091 
0.187089 0.23177 0.897871 0.43746 0.893997 0.086251 -0.0442722 
0.17803 0.304786 0.914496 0.409724 0.907297 0.0845862 -0.0422205 
0.159444 0.389234 0.92501 0.37475 0.922393 0.0838938 -0.0414233 
0.136227 0.469251 0.949293 0.337604 0.934954 0.0982127 -0.0473183 
0.0947285 0.539821 0.971984 0.288699 0.949408 0.113075 -0.0499215 
0.035061 0.593551 0.991527 0.237727 0.961483 0.125091 -0.0582096 
-0.0239182 0.618908 0.999273 0.200265 0.969534 0.12645 -0.0625117 
-0.0812496 0.615825 0.999253 0.173113 0.976144 0.114635 -0.0635039 
-0.128846 0.588566 1.00592 0.159557 0.979396 0.112862 -0.0508577 
-0.177445 0.541605 1.01744 0.151166 0.980425 0.11513 -0.051589 
-0.226083 0.479397 1.017 0.150859 0.980295 0.118644 -0.0467597 
-0.259269 0.407316 1.00456 0.170694 0.97728 0.117148 -0.0454309 
-0.278307 0.321785 1.00703 0.199774 0.971131 0.122975 -0.0432747 
-0.290057 0.23349 1.01422 0.23655 0.962136 0.129663 -0.0390585 
-0.30634 0.149477 1.01906 0.272157 0.952379 0.134216 -0.0298369 
-0.332099 0.0753075 1.01661 0.301751 0.944142 0.129972 -0.0254874 
-0.370729 0.00551745 1.01338 0.33059 0.935006 0.126142 -0.0236882 
-0.396946 -0.0628536 1.00274 0.369061 0.921839 0.116768 -0.0192867 
-0.400676 -0.132936 0.994802 0.402111 0.907358 0.11957 -0.0266536 
-0.384088 -0.208225 0.988432 0.443238 0.888715 0.114593 -0.024389 
-0.35376 -0.288365 0.972085 0.484483 0.867088 0.112893 -0.0262502 
-0.318265 -0.340599 0.943848 0.510156 0.85242 0.109524 -0.0335452 
-0.273707 -0.377216 0.905099 0.527304 0.841203 0.109887 -0.0474741 
-0.221536 -0.40543 0.873866 0.54386 0.829409 0.11354 -0.0583607 
-0.168665 -0.414752 0.851498 0.555082 0.821369 0.115941 -0.0615988 
-0.120753 -0.407102 0.844564 0.560339 0.818256 0.112959 -0.0609695 
-0.0733932 -0.395822 0.846758 0.562822 0.818593 0.0956826 -0.0630981 
